light_green=[0.59216     0.84314     0.67843];
dark_green=[0.23137     0.44314     0.33725];
light_blue=[0.92549     0.96078           1];
blue=[0.72941     0.83137     0.95686];